#--PALETTE--#
background: "#F0E7D8"
points: "#A63A50"
sequential1: "#306c48"
sequential2: "#4FB477"
contrast1: "#00A6FB"
contrast2: "#404E4D"
contrast3: "#7A306C"
contrast4: "#758ECD"
contrast5: "#FF784F"

palettini <- c("#A63A50", "#FF784F", "#4FB477", "#00A6FB")
creamy <- c("#362417", "#CC76A1", "#CD4631")